1717322862.07893 -3.93455698477905e-05 -0.000559698762720033 0.000749376195487004 -0.0117625334967109 -0.0431519313051631 0.998374662464825 -0.03532119729878
1717322872.87847 -1.61005356614513 -0.255599462779641 -0.0343056333889855 -0.0118225268982142 -0.0420045505002212 0.996255192093652 -0.0746420646918017
1717322875.67894 -4.04929260957255 -0.613026784704786 -0.0700834989572263 -0.00883376020287228 -0.0450482791377804 0.99773047249493 -0.0492597349002975
1717322877.67881 -6.41669921843925 -0.833864870612799 -0.115041944891956 -0.00630394056480667 -0.0437202359450807 0.998714398848091 -0.0248666611300783
1717322879.8786 -8.79106318041412 -1.02222800470161 -0.149851517652959 -0.00390092067787873 -0.0453046760234027 0.998431681060071 -0.0326565063018098
1717322882.27824 -11.4068376925971 -1.26937004420376 -0.208244965081639 -0.00373469756293078 -0.0439601878251221 0.998122533554735 -0.0424848435417904
1717322884.67834 -13.9879175655976 -1.57842983740398 -0.239606046985925 -0.00242045765312757 -0.0436093184739237 0.99771969280441 -0.0514566158745755
1717322887.07814 -16.6866581696592 -1.88643492907392 -0.243199317854127 -0.00054021115901255 -0.0398362570500852 0.998680736684048 -0.0323970210413031
1717322889.47882 -19.1326806580977 -2.04652222034779 -0.263871259117091 0.00175529504322851 -0.0407537654100127 0.9988843882313 -0.0237913533032195
1717322891.87846 -21.6815618712253 -2.24320121104694 -0.27019035480087 0.00316222121468128 -0.039940840806254 0.998683497838428 -0.0320312462742505
1717322894.07833 -24.1430861248162 -2.50649112593504 -0.265980703687905 0.00372564579636934 -0.0388237984779283 0.99837316865655 -0.0415914455366213
1717322896.27868 -26.7532009318667 -2.76388131820699 -0.27078373655237 0.00479159896227497 -0.0391695382520896 0.998706041402807 -0.0320785086629317
1717322898.67878 -29.3152588634137 -3.00562292742054 -0.234609634201981 0.00675856947299137 -0.0357772527771345 0.998594178628835 -0.0385224133590029
1717322901.07778 -31.7370530105096 -3.26163139905982 -0.230250126727646 0.00752329454734833 -0.0340283407172822 0.998355126188744 -0.0455248731995992
1717322903.27854 -34.0413185582447 -3.51647682640642 -0.196582285217757 0.008379359791531 -0.0339601972960112 0.998897428711254 -0.0313116311160249
1717322905.27799 -36.5154419359502 -3.7235991663412 -0.163101469373878 0.00971849557299502 -0.0338586483147855 0.998767280492259 -0.0349723061320062
1717322907.07788 -38.8671284560803 -3.95859492296321 -0.093145488935922 0.0104465097709827 -0.0339588343773313 0.998480598329194 -0.0421208115011112
1717322908.87823 -41.1096048534363 -4.20711843426396 -0.0723394064279873 0.0109127915500057 -0.0311203141270786 0.99819269653958 -0.0502372133409173
1717322910.87771 -43.6030557669633 -4.55468890869732 -0.0357191593790114 0.011835455127074 -0.0319317413272447 0.997634258506377 -0.0597174359142875
1717322912.87778 -46.0019508812443 -4.90571135650724 0.000591244570990346 0.013234565615799 -0.0316764873040367 0.99756405707816 -0.0607239528588137
1717322914.87828 -48.1935764339625 -5.24038791724875 0.0208371550136878 0.0131140648056885 -0.0305911205868061 0.997345079805203 -0.0647687921291519
1717322916.87791 -50.6156568479156 -5.77943333457994 0.0669031990922387 0.00984851520235227 -0.0317195673455014 0.990647530544272 -0.132341777312603
1717322918.67787 -52.8139218683095 -6.73502890565482 0.103256624050377 0.00955119038941312 -0.0311684406201163 0.975122968310023 -0.219254417847634
1717322920.67787 -54.7756940727212 -8.14674765299314 0.0650255889485488 0.00638773877494793 -0.0317668956980125 0.938337445762841 -0.344198923604246
1717322922.47844 -56.1242018161185 -10.1364999282103 0.0612235433643728 0.0018932915162512 -0.0292187268699012 0.86803508155689 -0.495638758203856
1717322924.27842 -57.077352229349 -12.3097943091846 -0.0189676813302462 -0.00126011735293959 0.027061648681089 -0.834401463839558 0.550490941267266
1717322926.07784 -57.87009365815 -14.5602291935162 -0.102934499577199 -0.00252287245994223 0.0243073071492132 -0.823904509585062 0.566201509198892
1717322928.07784 -58.9019529094717 -16.6548507664789 -0.143697561340521 0.00663517234537987 -0.021222774470175 0.882143381380131 -0.470455760958418
1717322931.27777 -60.9831359194417 -17.9014542855014 -0.103926853076076 0.0124054096246326 -0.0320989050724183 0.984435584969618 -0.172343683234178
1717322933.27804 -63.3787100656766 -18.3502030998724 -0.0771068671905242 0.0146863289670818 -0.0304304843406634 0.990640688765287 -0.132247204609025
1717322935.07769 -65.82738470187 -19.5163313892087 -0.018119993273152 0.0120581615739363 -0.0310902448057139 0.972922330484898 -0.228714092834728
1717322937.27802 -68.0646782007693 -20.8855014901376 -0.0146209327465439 0.0124454911627169 -0.0285668675436955 0.965584719061388 -0.258215402607202
1717322939.47732 -70.3540300145914 -21.7838507443756 0.0211463686356324 0.0162923872834242 -0.0280445878837026 0.988502566546489 -0.147684579892565
1717322941.27804 -72.5845308243825 -22.2970875698609 0.0619755855341568 0.0187897041081541 -0.0251627989831477 0.995926334463361 -0.0845252440944993
1717322944.47781 -74.8121216618749 -22.51174150255 0.0910210916825453 0.00879961111009195 -0.0308865960399296 0.998948498362266 -0.0327182311433765
1717322947.67809 -77.2157420846244 -22.7576154456918 0.113902937571767 0.00540581308447852 -0.0247440034282592 0.998808929309381 -0.0417041270270134
1717322949.87736 -79.5072567473679 -23.0576076913986 0.106751278963054 0.00412794307465319 -0.0390158619779736 0.997674777268548 -0.055729358530677
1717322952.47707 -82.2896493606101 -23.308637902099 0.130450531133838 0.00543794757177631 -0.0367156004561863 0.998551007682961 -0.0389650928998226
1717322954.87791 -85.0390223433032 -23.6336842123079 0.138815134235489 0.00342902258032485 -0.034261422901645 0.998480793707148 -0.0430174534676457
1717322957.27786 -87.6164006891716 -23.8903433116314 0.129948368363267 -0.00100183828827444 -0.0317293790632892 0.998491284402884 -0.0448039930785358
1717322959.67745 -90.1652067175364 -24.2205296815199 0.138648451126229 -0.00107920347210605 -0.0312730437774972 0.997987541244051 -0.0551516053656587
1717322962.07793 -92.7976861284305 -24.5086435254342 0.157516107789264 0.00119470551288829 -0.0293040836961683 0.998657530178262 -0.0426963789532373
1717322964.47716 -95.4542331357562 -24.7948815252881 0.129600146373564 -0.00515136014266077 -0.0325136417479422 0.998269509592496 -0.0487269207617784
1717322966.87787 -98.2039455321274 -25.102026848937 0.150055120346682 0.00256992680351741 -0.0233866718467852 0.998805265274717 -0.0428310765176021
1717322969.07747 -100.745518993612 -25.295383139588 0.148508702867191 -0.00100566122552671 -0.0307672724688205 0.999454279913417 -0.0119793970249813
1717322971.47711 -103.405149363689 -25.4110824646521 0.163803312282713 -9.00604026923218e-05 -0.0280140813801893 0.99938609493633 -0.0210389253874824
1717322973.87711 -106.187532389282 -25.6317658303047 0.163081499981139 0.00215149735170108 -0.0234542299741668 0.999113207067669 -0.0349008541216597
1717322976.27682 -108.874233864241 -25.8796217703297 0.174671265804574 0.00373051485763939 -0.0299923649512282 0.999277659985329 -0.0230369172801873
1717322978.6771 -111.643476681811 -25.9698937339817 0.160598535521956 -0.000148025021448429 -0.0108441990447886 0.999829756729653 -0.0149277926564406
1717322981.07666 -114.522424289094 -26.1914247405572 0.152013523143154 -0.00247035663423444 -0.0233508936559279 0.999282475543646 -0.0297181287252735
1717322983.07671 -117.04464251336 -26.4251005841998 0.170611779010857 -0.000510742800397607 -0.0174693359819168 0.998694977851519 -0.0479885679750658
1717322985.47685 -120.008361314082 -26.7839423540337 0.158719771753738 0.0131214253384473 -0.00247530682557625 0.99845542252196 -0.0539302353944549
1717322987.87973 -122.896771172075 -27.1520900301152 0.178347710503438 0.00963341047406982 -0.0278652734775001 0.999224237441389 -0.026108375022895
1717322989.87833 -125.205865346019 -27.3182559494156 0.172370405771139 -0.00118556194052166 -0.027567837105188 0.9992483816417 -0.0272264684942879
1717322992.27855 -127.996579419759 -27.5824977565805 0.167827388555926 0.00328414910640179 -0.0332879580614972 0.998630278989749 -0.0402329727661109
1717322994.47707 -130.575219050814 -27.8353763584613 0.191817233779959 0.00125311591044978 -0.0293668643639775 0.998883425740937 -0.0369853857353374
1717322996.67727 -133.134582894723 -28.0814724562786 0.178664588756342 -0.000415525142105187 -0.0245165166299059 0.99880381667184 -0.0423048880503979
1717322998.87703 -135.786147815004 -28.3904748606088 0.177985244070481 4.00928775141079e-05 -0.019723150922231 0.998405698643094 -0.0528872066501431
1717323000.47703 -137.87181501931 -28.7006518925483 0.130108698777579 -0.000430333025579278 -0.0204107847405563 0.998437899581033 -0.0520093776157426
1717323002.6773 -140.528132787997 -28.9657480228982 0.0760738507163338 -0.00141639505881549 -0.0163911469791785 0.999083388318432 -0.0395184426806769
1717323004.877 -143.083551686056 -29.1791970943412 0.139234959554324 0.00736016253292127 -0.0176487776796314 0.998661286485341 -0.0480622880161525
1717323006.87708 -145.624328879965 -29.5031562240787 0.121137481589265 0.00188834865334806 -0.0102967799045228 0.998872213392788 -0.0463110329700524
1717323008.87695 -148.150321145098 -29.7750364172881 0.112063630246695 0.00235489015194834 -0.00783964908924616 0.999064099153896 -0.0424725814655142
1717323010.87683 -150.54959814479 -30.0939976054428 0.135478365314945 0.00464148130890176 -0.00859331977434234 0.99847982189393 -0.0542462604902981
1717323012.47632 -152.665464359474 -30.452281339519 0.128685921866496 0.00432393677867896 -0.00772691857448897 0.997235661434946 -0.0737742086537159
1717323014.27625 -154.976845348974 -30.9254841402527 0.132539107840782 0.00640824566528415 -0.00876361788248454 0.994180371473899 -0.107179859885719
1717323015.87694 -157.049904161653 -31.6149310826102 0.177872531655615 0.00746806889674842 -0.0088841361198335 0.982356385808493 -0.186658059921432
1717323017.47678 -158.976925009466 -32.9947333641807 0.217604669021828 0.00693008819241013 -0.00829466025123617 0.936878539270716 -0.349487875530657
1717323019.07844 -160.37874539356 -34.9420913958877 0.204176451353717 0.00683204156086418 -0.00965738502781054 0.873880041818054 -0.485997665256338
1717323020.67706 -161.239542446518 -37.0872696796799 0.213258514557349 -0.0058760247188276 0.00767387693610358 -0.821729902707978 0.569795183326263
1717323022.67722 -161.51587067218 -39.6466103561922 0.206830927077504 -0.00556305206922885 0.00786842455474264 -0.701250865829157 0.712849467644158
1717323024.47678 -161.121812832696 -42.1230582719873 0.220684258510209 -0.00561396059258231 0.0081668195236569 -0.655740664330426 0.754921166512653
1717323026.07668 -160.743786837697 -44.2852702563488 0.205241674526566 -0.00626886229926212 0.00758570441233946 -0.650166365876004 0.759728145547887
1717323027.87696 -160.374842495588 -46.659409319401 0.195097886956977 -0.00785681452782686 0.00540477585139707 -0.664571600675534 0.747163734692089
1717323029.87659 -160.04292136821 -48.9842970311546 0.189006011387758 -0.00723171254587741 0.00301225406013862 -0.659374199053625 0.751774097905429
1717323032.27653 -159.732967183534 -51.3884766177864 0.193625085046767 -0.00737165895690487 0.00185534477791492 -0.674099988138235 0.738600989934355
1717323035.07668 -159.475997923949 -53.9395539387423 0.20244934106493 -0.00790548312470634 -0.000236321867846811 -0.674233378271911 0.738475997655026
1717323037.47673 -159.212544000622 -56.6296892507736 0.220906451250972 -0.00881810657128155 -0.000725852269488493 -0.690346412321515 0.723424871793743
1717323039.6769 -159.642618470094 -59.2753090974695 0.23092888617035 -0.00192788500336895 0.00661165939493434 -0.800349419319394 0.599494267040618
1717323041.47625 -160.939981596824 -61.2110310915473 0.199584922506833 -0.0102618432763184 -0.00758123749041712 0.915003000650956 -0.403245245738165
1717323043.6762 -163.345618938008 -62.4882197229491 0.00631018945734653 -0.0370891373417812 -0.0118018466875955 0.986413150087663 -0.159606421049216
1717323045.67624 -165.869191389544 -62.9535737302 -0.172104598659751 -0.0417765507418004 -0.00713809781486732 0.994491250525603 -0.0958692859873609
1717323048.07637 -168.485286453497 -63.6090108464094 -0.344233412761577 -0.00802772724487795 0.0120662043054831 0.991702532308663 -0.127734293443561
1717323049.67657 -170.552458944973 -63.9618645039542 -0.332452288530732 -0.00101551629507546 -0.00495651202749769 0.998513443547511 -0.0542706621487754
1717323051.67652 -173.121717133759 -64.301223089555 -0.372737444391145 -0.0103677798460796 -0.0171339717417169 0.998217027617905 -0.0562290132146336
1717323053.67613 -175.432640093962 -64.5285602239383 -0.385077559862868 7.60393932542334e-05 -0.0041495538482395 0.998538288209291 -0.0538893533170595
1717323055.67585 -177.901067197153 -64.7569822538536 -0.386230798111398 0.0027444306333557 0.00621796410774563 0.999134937846319 -0.0410265889111683
1717323058.07621 -180.620622431108 -65.084155646029 -0.425435485991862 -0.0152620392851525 -9.52426422747307e-05 0.998371081303336 -0.054974949776284
1717323060.67587 -183.172908497536 -65.408934776041 -0.370035202020465 -0.00185015372989964 0.00208582370029127 0.999602982353415 -0.0280375451997106
1717323063.07636 -185.618112887808 -65.5838437820576 -0.377493375597247 -0.000245447848724873 0.00488703734311283 0.999454045840528 -0.0326751721397323
1717323065.47871 -188.209124192713 -65.8214868153181 -0.407370917230711 -0.00989513390287707 0.00601402859016804 0.99950946854681 -0.0290987984362484
1717323067.87626 -190.896269977621 -66.1038318179349 -0.422238566274181 -0.00287776797986837 -0.000271103504133368 0.998893254576562 -0.0469458295888669
1717323070.27567 -193.763420503265 -66.2814469098613 -0.447618335943968 -0.00650174500566775 0.00497760646444334 0.999838484345426 -0.0159986239285924
1717323072.67547 -196.499066778681 -66.4841288900741 -0.457028616890492 -0.00575488385418185 0.00778125995574294 0.999466613541335 -0.0311900901175683
1717323074.67589 -198.894022172842 -66.7472465338065 -0.476666664528712 -0.0057218744387508 0.0019751663391723 0.998830022687239 -0.0479785853214771
1717323076.67619 -201.334515979282 -67.0001991051493 -0.486961791173948 0.0011935345774823 0.00379426971398338 0.999314020118606 -0.0368193996004932
1717323078.67593 -203.846843038982 -67.1531146423999 -0.500967248825667 -0.00280208843783 0.00327337324862917 0.999664148042615 -0.0255543430006303
1717323081.07654 -206.63311542309 -67.4126777346215 -0.491796888855504 -0.00165277710835407 -0.00327786832920643 0.999188389795304 -0.0401134092955712
1717323083.47643 -209.46805030585 -67.7653264086761 -0.521703717250802 -0.00551185576167321 -0.000424141357993434 0.998824564676396 -0.0481552546372548
1717323085.87536 -212.140017793038 -68.0548792475148 -0.524576388807876 0.0002604959361534 0.00206849384478457 0.998708226807564 -0.05076939217652
1717323087.67591 -214.409176255585 -68.2886009784344 -0.517423606940826 -0.00105037286920372 0.00179390093970511 0.9993601712428 -0.035706116700296
1717323090.07527 -217.133945545636 -68.4476523096942 -0.50766559887221 0.00413533144943804 0.00201133692654892 0.99993706842879 -0.0102329242941057
1717323092.47583 -219.77721392411 -68.5749647691573 -0.529424260544164 -0.00129779921067746 0.000596910746642629 0.999768649441391 -0.0214617568923318
1717323095.07548 -222.270580424001 -68.7675696882421 -0.505082030542892 0.0105933408086381 0.000883150362730155 0.999267453584875 -0.0367635333169807
1717323097.47601 -224.481080975813 -68.8770719999668 -0.530347579027834 -0.00236339368848408 0.00352152546862098 0.999906661559814 -0.012987740255899
1717323099.87549 -226.927539091777 -69.0981845771009 -0.557239426541893 -0.00721351732849634 0.00419974232598889 0.998795345763833 -0.0483547785916979
1717323102.27595 -229.52407629554 -69.4297932503665 -0.563995968839684 0.00707677937413591 0.00197533934387634 0.998478295704956 -0.054654462162697
1717323104.67925 -232.29553548107 -69.8380806605096 -0.533084946501694 0.00110669003880888 0.00787624679677932 0.997360965509582 -0.0721653964954698
1717323106.67805 -234.527210968149 -70.2307253584088 -0.56363824796574 -0.00563129782931664 0.00686303003462988 0.996574529930401 -0.0822216127152783
1717323108.67553 -236.976281735264 -70.4406902193683 -0.557546281495387 -0.0139187209947043 -0.00428973468884651 0.999829261669765 -0.0113716705484625
1717323110.87594 -239.555346490236 -70.2558836402957 -0.520449235942224 -0.00108877347464394 0.00406231801969574 0.997911707554537 0.0644556907512135
1717323113.07559 -242.119039383805 -69.9922980556317 -0.544999486804356 -0.00680250211875927 -0.00498181599218357 0.994227409980115 0.106961510453884
1717323115.67516 -244.620013526887 -68.9593397571039 -0.503324170786596 -0.00176072094165636 -0.0072380926132655 0.975215527975776 0.221131598538103
1717323117.67555 -246.836151308364 -69.0797148827011 -0.518035325635463 -0.00773568115027542 -0.00729314022854091 0.990109224235764 -0.139895294509861
1717323120.27521 -247.748889373642 -70.5595284973845 -0.560240296451328 0.000437871411418058 0.00326903736019587 -0.797377374038157 0.603471991922888
1717323122.67508 -246.845254357452 -71.9788763738485 -0.560624796781222 -5.80044152303738e-05 0.00572827741585797 -0.370361754317837 0.928869934066093
1717323125.07538 -245.22776357675 -71.8844394168816 -0.589725946074145 0.000890280599963328 0.00248542355462525 0.124739970974289 0.992185955207763
1717323127.27499 -243.072014952694 -71.0783730239612 -0.575584059965606 -0.000927360325703851 -0.00363369545237601 0.146442893742837 0.989212017280628
1717323129.67571 -240.379348394332 -70.6982132564088 -0.50444035420321 -0.00616531236437338 -0.0162451280085753 0.0524128417325381 0.998474325539197
1717323132.07513 -237.831547793592 -70.3806844250073 -0.574645710555837 -0.00809821034939216 0.0181409580119285 0.0512635053196812 0.998487545066981
1717323134.47564 -235.427277862546 -70.0964708715848 -0.545278965160931 -0.00668712982732432 -0.00344484012853869 0.0621927471040662 0.998035809767771
1717323136.87558 -232.674470117748 -69.7042508855634 -0.544147361365991 -0.00886874181297104 -0.00912987443042274 0.0499098315665733 0.998672618791832
1717323139.27528 -229.786120775178 -69.4946612391227 -0.548960423051692 -0.014028473513789 0.00401177469540293 0.0283572283343703 0.999491358239709
1717323141.67526 -226.991155596264 -69.2528870257465 -0.545989433037217 -0.00924888927739889 -0.00406942174980484 0.0415253019421493 0.999086356203692
1717323144.07475 -224.369144839247 -68.9641849689271 -0.539267369504498 -0.00857202062347906 -0.00339198896774852 0.0516917457328269 0.998620537690051
1717323146.47496 -221.691983914381 -68.6717688698688 -0.51651371099102 -0.00377023170642775 0.00397084058430312 0.0585189454633163 0.998271281165493
1717323148.4752 -219.221464147739 -68.4264700984835 -0.517706208169225 -0.0137310563493996 0.00557878791847427 0.0382638979928498 0.999157749971086
1717323150.67469 -216.605191735229 -68.1938403797497 -0.545275448690763 -0.0104212018301997 0.00172347745237332 0.0466452145845806 0.998855671323062
1717323152.87508 -213.964833902139 -67.8986092905925 -0.557018386488464 -0.0135245205812373 -0.000285790396867016 0.0569680538073373 0.998284351531316
1717323154.67552 -211.66997122059 -67.6303412943495 -0.551954356093313 -0.0136642912904357 7.21243931602661e-05 0.0551004132408596 0.998387312821176
1717323156.87531 -208.82725890029 -67.3611385092458 -0.547918504936821 -0.0104193414757488 -0.00517675949683976 0.0299561229595076 0.999483501205277
1717323158.47548 -206.713606700864 -67.2552476893009 -0.513022124855215 -0.00830959059371948 -0.00524794829908458 0.0133358723468924 0.999862772710117
1717323160.27536 -204.248768972505 -67.1316450090665 -0.528170249228989 -0.00977486326526924 -0.00172984031809998 0.0194017532458803 0.99976248762974
1717323162.4745 -201.578332330856 -66.9352595455402 -0.519072090144244 -0.0113159038521601 0.000317650594657817 0.0349867481032605 0.999323659719546
1717323164.47451 -198.980859233679 -66.6452655363379 -0.512867314630362 -0.0095642286770337 -0.00499711993181371 0.0539498360389936 0.998485337655775
1717323166.07486 -196.834434492888 -66.3510030424745 -0.48042840127338 -0.021078101401001 -0.000256539759506783 0.0617925839420959 0.997866386044965
1717323167.87469 -194.591044012469 -65.9732265117641 -0.479732214897304 -0.020567478042968 0.00209764116793605 0.0789911331849855 0.99666091506923
1717323169.87533 -192.025792712247 -65.566384444984 -0.461092402367804 -0.0196435991781725 -0.000662588430811731 0.0647232802704427 0.997709670685281
1717323172.27453 -189.511074748114 -65.4529130336468 -0.440907996890633 -0.00926933912848734 0.000148600555900598 0.00739236646918802 0.99992970262313
1717323174.67437 -186.822780742878 -65.3477343317914 -0.408353400829074 -0.0126333066987517 -0.00430298709847529 0.0175686848566746 0.999756582962219
1717323177.07524 -184.254396584185 -65.149380198295 -0.439785396634129 -0.00099313856531123 -0.000300000771735126 0.0318853337653248 0.999490995039976
1717323179.27511 -181.670468795883 -64.906465415953 -0.439693730725982 -0.00403493971579133 -0.00345755197444226 0.0492864454631708 0.998770549670664
1717323181.47626 -179.123166683995 -64.7013964941197 -0.407827447631292 -0.00638082466768142 -0.00995801900440469 0.0523663528373537 0.998557904192131
1717323183.47446 -176.53499577421 -64.2710169682549 -0.394032485842618 -0.00168815759373214 -0.00645215653967024 0.0658334354021806 0.997808337599498
1717323185.07508 -174.42553741561 -64.0026331813603 -0.45355723545886 0.000707511187584164 0.00171521263431254 0.061978516994038 0.99807575910086
1717323186.97512 -171.990158858947 -64.1618558668229 -0.360776111117329 0.00244302575149659 -0.00772611360234085 0.051691427948017 0.998630229399489
1717323188.97446 -169.483082464123 -64.0916974450495 -0.364291460072821 -0.00861468952192253 -0.00392494789185392 0.00569447606500078 0.999938975563425
1717323191.37462 -166.721134697494 -64.0844311156404 -0.29614776852476 -0.00417600248886507 -0.0244802041710846 0.00267545982601137 0.999688012592766
1717323193.57417 -163.98256776848 -64.0297052830399 -0.108786719313949 -0.00568638748785192 -0.0305683159367413 0.00142165991688039 0.999515493597378
1717323195.57452 -161.406988620435 -64.6208258948572 0.0910619419276156 0.00401248010285669 -0.0365605075713462 -0.183177639035998 0.982391562385767
1717323197.37446 -159.384735674854 -66.0442283061797 0.180461256779739 -0.00559949575665113 -0.00332193018798398 -0.364939925884796 0.931008303358406
1717323198.9744 -158.116972925451 -67.8585659333224 0.20000423576222 -0.00807802653732964 -0.00138866529602357 -0.507224875751674 0.861774763215225
1717323200.57437 -157.246151474511 -69.9056850702694 0.228705233975973 -0.0122528213259694 0.000820618370047092 -0.563217179589282 0.826217649031137
1717323202.17408 -156.285611767507 -72.114873675088 0.243876533812164 -0.0166348288332114 0.00667781775203062 -0.554161467439783 0.832216172172079
1717323203.77479 -155.294575669494 -74.2966609869163 0.277239028494711 -0.0171844561985781 0.00427220631602708 -0.545256430199425 0.838082256132733
1717323205.5749 -154.147849793526 -76.516666632711 0.280541588493776 -0.0167070795786694 0.00744094248770781 -0.507834674255407 0.861260384257137
1717323207.77396 -152.500791410627 -78.4592802557042 0.239267386189609 -0.0220473277718476 0.0181228282733351 -0.401694245127738 0.915329018367031
1717323209.77465 -150.719239981561 -79.9138048000632 0.179765821113473 -0.0190821324910432 0.0343547565618276 -0.318554881382222 0.947089441641459
1717323212.17454 -148.196578615347 -80.9989840851337 0.0638580706446724 -0.0180958461987303 0.0207981714632045 -0.168062718726728 0.985390734170116
1717323214.17416 -145.73936660974 -81.3185623357528 -0.00644060168340346 -0.0231942657741858 0.0092843181719994 -0.0435850947192521 0.998737286271816
1717323216.3744 -143.232397388815 -81.2875025272856 -0.0379183447017476 -0.0110323363329806 0.00772358370952315 0.0166241154857895 0.999771110101724
1717323218.37401 -140.840033804784 -81.0219425412253 -0.0616996611343132 -0.0174550999384319 0.00103011236540242 0.0382220112216627 0.999116277623793
1717323220.37448 -138.224292053681 -80.8083483757562 -0.101496049532054 -0.0081541169881315 0.006342108871392 0.0333870089184469 0.999389111240805
1717323222.17418 -136.017058241047 -80.5837899402977 -0.118088215167376 -0.00612738547310002 0.00555082585922424 0.0411097494658578 0.999120429166774
1717323224.17406 -133.464344685066 -80.3902742633591 -0.157575019381305 -0.00746534681932853 0.0051700904232887 0.00747624901865603 0.999930819838299
1717323225.97442 -131.141296682828 -80.3779564015328 -0.170623860931646 -0.00764274247727257 0.00495204520319698 -0.00367911206418784 0.999951763771708
1717323228.17451 -128.585630228541 -80.3430899600144 -0.18711039035498 -0.0119201038557546 0.00335818830409479 -0.00570401743370087 0.999907044619898
1717323230.37395 -125.944765277803 -80.3275972689117 -0.226650125830371 -0.00902709460872224 0.00324941082541666 -0.0105375564133047 0.999898451242449
1717323232.57417 -123.433130103233 -80.3395158442783 -0.207213773168849 -0.0105280401174097 0.00256091396955682 -0.00872213438205711 0.99990325855192
1717323234.57421 -121.016861956496 -80.2536989625872 -0.224253389753886 -0.00831736967041794 0.00298794066390319 0.0228905892711536 0.999698911920571
1717323236.37466 -118.628833144528 -79.9092670151521 -0.247048283397196 -0.00831010567926982 0.00225620870113484 0.070039641710622 0.997507042709446
1717323237.97431 -116.353765642458 -79.4862511310518 -0.251912883045121 -0.00443102236613667 0.0032830482010448 0.0849655408442689 0.996368628823861
1717323239.77364 -114.01785379154 -79.104880918798 -0.270858093239779 -0.00569986592140683 0.00157430332384456 0.0435761800266352 0.999032606891191
1717323241.37364 -111.739366643355 -78.9881164798715 -0.268571248577993 -0.00641978161537014 0.00105366776933892 0.0198065977246328 0.999782663819901
1717323242.9739 -109.55034962145 -78.8317285060179 -0.281246611658755 -0.00412299314426076 0.00175717610178567 0.0283828030559336 0.999587079623565
1717323244.57369 -107.276177676837 -78.6438289032669 -0.285187100761658 -0.00549676009950664 0.00246833891059663 0.0346485910001958 0.99938139269907
1717323246.17392 -104.839232726759 -78.4652786235597 -0.291438326313942 -0.00627559951153454 0.00181060996203535 0.0241578652680231 0.999686819002846
1717323247.77388 -102.528837085996 -78.2835332483673 -0.297150640367509 -0.00992290492269732 0.00257279578173685 0.0301726104486972 0.999492136166399
1717323249.37415 -100.39504089773 -78.1281370924803 -0.30397130787548 -0.00925753792437419 0.00205548369938425 0.0334370861831898 0.999395834615053
1717323251.17425 -98.0765136253971 -77.91674578345 -0.305443867989395 -0.00337891977957051 0.00253377929059938 0.0382846472938734 0.999257949002766
1717323253.17408 -95.6815577868873 -77.7056398010119 -0.322619743277171 -0.00649449775373648 0.000393772845080111 0.023750149372072 0.999696752443799
1717323254.9737 -93.2109505286079 -77.5289366464077 -0.327871845306074 -0.00708406031960799 0.00139531486346921 0.0252189177615973 0.999655878476565
1717323256.77371 -90.8661773386134 -77.3362983121012 -0.329189555717686 -0.0104470878871918 0.0016232232609394 0.0339442684700815 0.999367805234366
1717323258.57414 -88.5986764083621 -77.1089179853749 -0.335504272837785 -0.0104312138742927 0.00124360444954448 0.0420989694167872 0.999058216521503
1717323260.17417 -86.15086634172 -76.8288798684897 -0.336905428203293 -0.0100247047612992 0.00107920907805558 0.0505324238936154 0.998671524945841
1717323261.77363 -83.7591903594569 -76.7071268011374 -0.330862923369388 -0.00671023405571194 -0.000446640246113168 0.0109095073280005 0.999917874588343
1717323263.37385 -81.359541870738 -76.5962942052568 -0.316325425336402 -0.0052114388984397 -0.000957378470586652 0.0129468360988029 0.999902147095456
1717323264.97353 -79.0187676043985 -76.4780608512212 -0.311200653140459 -0.00675904151168598 -0.000124670613491576 0.0179573709613243 0.999815899375099
1717323266.57352 -76.7378604851454 -76.3224708506097 -0.325418205800417 -0.00878512128821253 -0.000947720602024042 0.0237148948506945 0.999679712323818
1717323268.17364 -74.4467896069589 -76.1773085712456 -0.296904565750021 -0.00929507708325683 -0.00168772152350324 0.0301917162110663 0.999499481445741
1717323269.77424 -72.0981375815987 -75.95477165237 -0.288867204775441 -0.00830400337202269 -0.000532769840142263 0.0367813061608324 0.999288694623029
1717323271.37331 -69.5930110722193 -75.6928608966881 -0.305314172024652 -0.00764522943713653 0.00121307197777471 0.0446718312357202 0.998971724533421
1717323272.97348 -67.1811125763651 -75.4363515840449 -0.278020284497923 -0.0107043728893845 -0.00664994593138024 0.0535424635315199 0.998486053592703
1717323274.57362 -64.6681324844624 -75.074305107759 -0.304981409173821 -0.0108048415297966 0.00243047364764397 0.0630028746126318 0.997951895628196
1717323276.57394 -62.2354096101743 -74.2469281915778 -0.310471259566776 -0.0117057158598538 0.00611350024354716 0.218442918633874 0.975760366396225
1717323278.1737 -60.4841523932521 -72.7257018168185 -0.342258110984193 -0.0126776629769153 0.000854673781454306 0.38290307110547 0.923701133772266
1717323279.77365 -59.282388083607 -70.8146068449343 -0.403041131038445 -0.00737045042235077 0.00606210859293652 0.533128327644104 0.845980563348461
1717323281.37353 -58.8975668164464 -68.436486810966 -0.447958935279337 -0.00423876411951881 0.006761361137429 0.667541065834526 0.744530215840037
1717323282.97319 -58.8827499531423 -65.8787523712406 -0.455296373120295 -0.000466124119174932 0.00534260726439383 0.709058515491575 0.705129251190736
1717323284.57349 -59.198749655193 -63.0421084640943 -0.454980913583603 0.000986992078295568 0.0051832990679544 0.750994199423309 0.660287718869549
1717323286.17339 -59.3895228582374 -59.9375479911424 -0.376698501787149 0.00286320484686771 0.00604831912548879 0.705165450813212 0.70901121773436
1717323287.77422 -59.4743902323274 -56.8016775303333 -0.391398129478907 0.0063144476860007 0.00447334935971369 0.715063124666413 0.699017056042435
1717323289.37393 -59.6840627779749 -53.7040461596089 -0.409049064132132 0.00543418411861968 0.00202423832434367 0.725369162265473 0.688335637996796
1717323290.97648 -59.9837209672182 -50.4334117537576 -0.354806477031501 0.00674947811829864 0.0016168421315045 0.734399979015204 0.678681443085871
1717323292.67326 -60.4089380495131 -46.861386411482 -0.343648830557866 0.0078970983747298 0.000578410844299069 0.745852793316427 0.666063744682322
1717323294.37373 -60.9041399943997 -43.5536336586828 -0.2988414446353 0.0116077494673878 0.000618511958716482 0.756070067074954 0.654387447364735
1717323295.97316 -61.42419925567 -40.5293841058153 -0.221356000509341 0.0141290341885612 0.00171665837074045 0.767095136350498 0.641375455770134
1717323297.47284 -61.7260411213083 -37.8501813410417 -0.209955953545958 0.0184919994612209 0.00221618165753198 0.719410488730212 0.694335425568755
1717323299.07356 -61.8254480564759 -34.9685463420465 -0.129214815971169 0.0211209145826846 0.00290522340997133 0.715020614997875 0.698778210000992
1717323300.67351 -61.6453850504701 -32.1441698870256 -0.0824524676426192 0.0210601929958207 0.00402010822223949 0.640621600267942 0.767557341356984
1717323302.27321 -60.8608340925913 -29.2869695543343 0.0303537851620576 0.025486718202549 0.00579168203082269 0.60008051647458 0.799512512323678
1717323303.87293 -59.9367194237739 -26.8849682399314 0.0471306147451532 0.0235125032619681 0.00641470320032869 0.530750675307937 0.847177510580502
1717323306.07346 -57.9242633176087 -24.5828809164278 -0.0177459908972172 0.0269509805010139 0.00871563427624728 0.344895238819509 0.938213705191323
1717323307.87284 -55.884767523082 -22.8083370150104 0.00975538222802461 0.0261666644141461 0.00901392001393057 0.300067897145519 0.953516288283575
1717323309.5729 -53.4398138014259 -21.8698034393369 -0.0630797366632022 0.0215120049292041 0.0128664574370144 0.0861198160362366 0.995969409772626
1717323312.07347 -50.6276989550837 -21.284659228683 -0.115849231973518 0.0187736510426343 0.0116661060829356 0.0936397825748268 0.995360760284797
1717323314.17317 -47.9276455342746 -20.9358876638569 -0.155850626405078 0.0204234404332182 0.0101095034934789 0.045635697928079 0.998698184685745
1717323316.37283 -45.5171374185465 -20.6320479041877 -0.204639915338536 0.0189188440555857 0.0085556068479874 0.0534293883705602 0.998355737895772
1717323318.77284 -42.8708669481814 -20.2788569550044 -0.227311212035641 0.0187079033554201 0.00715541779848343 0.0595168503640324 0.998026331752283
1717323320.77346 -40.5195703166472 -19.6225839825005 -0.228333536205588 0.018309736147983 0.00394895520200058 0.142308715793235 0.989645082200828
1717323322.47294 -38.0203017283002 -18.9757972289517 -0.230257460510887 0.0181419633598418 0.00364405386823599 0.122502888296821 0.992295637597884
1717323324.27302 -35.4471978403057 -18.5541955978728 -0.246309113611983 0.0166201067200262 0.00348509205288897 0.0454159897429037 0.998823815325641
1717323326.47287 -32.7783000455225 -18.2155417834893 -0.248303542883008 0.0160289531047989 0.00123786738928968 0.0518138966553313 0.998527345874955
1717323328.07287 -30.6607533973786 -18.0466398096872 -0.250580369311474 0.0166114132200316 0.000132389115627161 0.0256242529227373 0.99953361178407
1717323330.47315 -27.9432925576551 -17.8538217273207 -0.260119966795024 0.016822925510527 -0.00266583218402554 0.0302539170160896 0.999397109772295
1717323332.47298 -25.4652686846888 -17.6184908512892 -0.219530120542701 0.0153783684931536 -0.00466386522153953 0.036378015512195 0.999208884133382
1717323334.07285 -23.310657078 -17.4035455854901 -0.199817476815966 0.0135705314038514 -0.00697243664562755 0.0414814486002508 0.999022780133999
1717323335.87298 -20.9606380945049 -17.2316531857983 -0.194223651858528 0.0122427795868622 -0.0035246783409066 0.0238972489809314 0.999633238984041
1717323338.3728 -18.5965885753447 -17.0596976205978 -0.237399131218406 0.00721047612930072 -0.00199605489615197 0.0439291921549312 0.999006632047784
1717323340.87242 -16.3007638132739 -16.7324971321873 -0.186204579162429 0.00500143791265399 -0.00421028562377069 0.0482156763840278 0.998815552374212
1717323343.47217 -14.096109695929 -16.5620135949034 -0.203758865873906 0.00533154591470391 -0.00614945459555503 0.0394168871784213 0.999189705627265
1717323345.87277 -11.7176345785767 -16.3490451265953 -0.181401895191627 0.00506869391537948 -0.00562865308368493 0.0442993998404507 0.998989584420294
1717323348.27321 -9.07727874286175 -16.0643617393687 -0.153836676230208 0.00611810121676587 -0.0086361630970773 0.0514106959785566 0.998621512818276
1717323350.47237 -6.60912788119659 -15.7844459532385 -0.157435111944312 0.000745741823178034 -0.00734433607695026 0.0330694274738751 0.999425793925328
1717323352.8732 -3.98841323815793 -15.5444313353705 -0.0750717399975558 0.00341803080209479 -0.0160725087304688 0.048923282784619 0.998667364005714
1717323355.473 -1.25946731403061 -14.6488755259731 -0.092731656855729 0.00107244834294183 -0.0134162636419473 0.259496279444647 0.965650316977542
1717323357.47248 0.0825109601758252 -12.669801081924 -0.0546822533752852 -0.00311773506717744 -0.0172628851116266 0.538656602488166 0.84234276700259
1717323359.07243 0.347751115006519 -10.5632557352498 0.0827776160324967 -0.00508166904311768 -0.0214918823924131 0.661653541268858 0.749484400743169
1717323360.67286 0.522510900852903 -8.30589681832702 0.0478849487860853 -0.00483946688591255 -0.0192936713050883 0.687784014093753 0.725642807285316
1717323362.27277 0.494989834293909 -5.86243888898059 0.106768940018833 -0.00352903883240719 -0.0189190613409359 0.715646293209036 0.698197678325461
1717323363.87279 0.281149566849979 -3.71963300596426 0.148975684317892 -0.00251685134857315 -0.022984946022139 0.747307192246163 0.664076289392119
1717323366.27217 -0.482620077349919 -1.50780671568068 0.203454739610112 -0.00561340687960265 -0.0209834768578756 0.848869319215914 0.528156285824631
1717323368.67438 -2.28153657590117 0.0514373220952021 0.183364064371497 -0.0107923961411906 -0.0213994368046835 0.958682661217405 0.283466300238827
1717323371.07219 -5.05945708483939 0.45010069193254 0.105853871979747 -0.0122618401173475 -0.0205707088251435 0.999648972886278 -0.0113324411658432
1717323372.87204 -7.43682874375813 0.161296617057332 0.0594253361273723 -0.0130756938304956 -0.0179960544687301 0.99736812924776 -0.0690071229311359
1717323374.67231 -9.86605121938249 -0.182042861731382 0.0427548306561773 -0.0133020167772137 -0.0182151112605073 0.997477494167237 -0.0673046410084422
